P(ATCA): 0.004545454545454545
P(CAGG): 0.009090909090909092
P(GAAT): 0.0013914656771799629
P(TGAC): 0.0005903187721369539
